consumption {
	personalCharacteristics {
		basicConsumption {
			slot0 = 0.277480821
			slot1 = 0.206815394
			slot2 = 0.18040303
			slot3 = 0.171905498
			slot4 = 0.173563821
			slot5 = 0.1986034
			slot6 = 0.322667377
			slot7 = 0.452200526
			slot8 = 0.520998966
			slot9 = 0.554025403
			slot10 = 0.562984191
			slot11 = 0.588213215
			slot12 = 0.637045885
			slot13 = 0.60361585
			slot14 = 0.524376015
			slot15 = 0.473140972
			slot16 = 0.45613767
			slot17 = 0.518311056
			slot18 = 0.633550777
			slot19 = 0.717348256
			slot20 = 0.67289202
			slot21 = 0.593424302
			slot22 = 0.521078588
			slot23 = 0.398121075
		}
		  
		bias {
		 	standardDeviation = 0.1
		}
	}

	priceCharacteristics {
		loadAvoidance {
		    elasticity = -0.01
			alpha = 0.8
		}
		
		loadShifting {
			slot0 = 0.1
			slot1 = 0.1
			slot2 = 0.1
			slot3 = 0.1
			slot4 = 0.1
			slot5 = 0.1
			slot6 = 0.1
			slot7 = 0.1
			slot8 = 0.1
			slot9 = 0.1
			slot10 = 0.1
			slot11 = 0.1
			slot12 = 0.1
			slot13 = 0.1
			slot14 = 0.1
			slot15 = 0.1
			slot16 = 0.1
			slot17 = 0.1
			slot18 = 0.1
			slot19 = 0.1
			slot20 = 0.1
			slot21 = 0.1
			slot22 = 0.1
			slot23 = 0.1
		}
    }

    weatherCharacteristics {
		slot0 {
			a = -0.0049
			b = 0.2676
		}		

		slot1 {
			a = -0.0023
			b = 0.2019
		}
		
		slot2 {
			a = -0.002
			b = 0.1854	
		}
		
		slot3 {
			a = -0.0015
			b = 0.1814
		}
		
		slot4 {
			a = -0.00005
			b = 0.1938
		}
		
		slot5 {
			a = 0.0042
			b = 0.2681
		}
		
		slot6 {
			a = -0.0011
			b = 0.4526
		}
		
		slot7 {
			a = -0.0085
			b = 0.5996
		}
		
		slot8 {
			a = -0.009
			b = 0.6173
		}
		
		slot9 {
			a = -0.0072
			b = 0.5799
		}
		
		slot10 {
			a = -0.005 	
			b = 0.5565
		}
		
		slot11 {
			a = -0.003
			b = 0.5787
		}
		
		slot12 {
			a = -0.0063
			b = 0.6265
		}
		
		slot13 {
			a = 0.6109	
			b = -0.0087
		}
		
		slot14 {
			a = -0.0072
			b = 0.547
		}
		
		slot15 {
			a = 0.5011
			b = -0.0055
		}
		
		slot16 {
			a = -0.0043
			b = 0.5116
		}
		
		slot17 {
			a = -0.0062
			b = 0.6294
		}
		
		slot18 {
			a = -0.0107
			b = 0.8057
		}
		
		slot19 {
			a = -0.015
			b = 0.8904
		}
		
		slot20 {
			a = -0.0128
			b = 0.7996	
		}
		
		slot21 {
			a = -0.0093
			b = 0.6686
		}
		
		slot22 {
			a = -0.009
			b = 0.5431
		}
		
		slot23 {
			a = -0.0079
			b = 0.3964
		}
    }
}